Error%   Diff  Days Miles Receipts Expected  Actual
224.3% +   364    1   451   555.49   162.18  525.91
214.6% +   691    4    69  2321.49   322.00 1012.85
147.6% +   952    8   795  1645.99   644.69 1596.46
134.9% +   603    1  1082  1809.49   446.94 1049.67
119.3% +   753    8   482  1411.49   631.81 1385.30
116.0% +   337    2   384   495.49   290.36  627.21
115.7% +   229    1   263   396.49   198.42  427.91
109.7% +   243    1   467   296.49   221.23  463.99
 96.8% +   145    1   140   255.99   150.34  295.83
 93.9% +   824   14   481   939.99   877.17 1701.18
 86.9% +   582    5   516  1878.49   669.85 1251.80
 83.8% +   756   11   740  1171.99   902.09 1657.72
 82.9% +   347    4   286  1063.49   418.17  764.82
 72.0% +   348    5   210   710.49   483.34  831.55
 70.1% +   359    5   195  1228.49   511.23  869.77
 62.8% +   446   13    63   107.92   710.25 1156.20
 61.2% +   426   11   198   269.95   695.66 1121.28
 58.6% +   542   14   296   485.68   924.90 1467.32
 58.3% +   207    1   532   413.99   355.57  563.01
 57.2% +   162    1   452   275.05   282.89  444.73
 57.0% +   407   13     8    78.44   713.71 1120.84
 56.3% +   488   14    68   438.96   866.76 1354.63
 52.0% +   313    9    52   350.58   601.81  914.61
 50.9% +   320    6   204   818.99   628.40  948.21
 50.0% +   448   13   235   426.07   897.26 1345.69
 48.6% +   162    1   388   390.70   332.06  493.56
 48.2% -   547    1    43  2149.22  1134.47  587.92
 47.4% +   382   13    32   232.43   805.12 1187.07
 46.9% +   120    1   359   221.15   255.57  375.53
 46.9% -   526    1     9  2246.28  1120.22  594.46
 46.8% -   432    1    45  1070.22   922.69  490.53
 46.5% +   141    3   127   293.49   303.20  444.22
 45.8% -   465    2    91  1073.76  1013.78  549.18
 45.0% +   187    2   565   389.49   415.96  603.18
 44.7% -   488    1    37  1397.17  1092.94  604.63
 44.5% -   561    4    10  1262.73  1261.41  700.44
 43.8% +   364   10   424   474.99   831.96 1196.12
 43.6% +   237    8    16   259.02   543.56  780.45
 43.0% +   371   11   273   502.37   862.61 1233.59
 43.0% -   602    4   199  1310.01  1400.57  798.25
 42.6% +   206    7    83   137.84   482.65  688.18
 42.3% -   592    1   698  1525.82  1398.75  806.83
 42.0% -   578    1   682  1517.04  1376.04  797.59
 41.9% -   546    4    72  1367.29  1302.97  756.57
 41.9% +   366   12   128   477.17   874.99 1241.38
 41.5% -   499    4   184   983.77  1202.69  703.42
 41.5% -   486    1   123  2076.65  1171.68  685.47
 41.1% -   505    3   196  1211.68  1229.87  724.88
 41.0% -   597    4   217  1506.46  1455.37  858.20
 40.9% +   357   12   180   384.42   873.97 1231.39
 40.8% +   276    4   650   619.49   676.38  952.52
 40.7% -   605    5   262  1173.79  1485.59  880.48
 40.5% +   368   12   178   507.59   907.19 1274.83
 39.7% -   508    3   289  1245.67  1279.31  771.21
 39.7% -   520    5    96  1105.47  1312.16  791.68
 39.3% +   234    8    75   315.71   593.83  827.41
 39.3% -   526    3    91  1640.15  1338.30  812.60
 38.7% -   501    1   553  1687.11  1295.34  794.18
 38.4% -   555    5   173  1337.90  1443.96  889.08
 38.4% -   487    3    29  1632.85  1269.10  782.40
 38.0% -   563    4   238  1707.28  1483.48  920.41
 37.9% +   301   10   224   407.51   794.70 1095.82
 37.7% -   557    5   291  1279.70  1477.12  920.10
 37.4% +   311   11    17   550.58   830.07 1140.86
 37.4% -   514    3   133  1728.50  1373.40  859.33
 37.0% -   573    5   467  1243.31  1549.82  977.15
 36.9% -   534    1   809  1734.56  1447.25  913.47
 36.9% -   502    1   752  1632.35  1362.39  860.14
 36.8% +   314   11   447   130.07   852.02 1165.69
 36.7% +   287   10    87   498.96   781.97 1068.78
 36.6% -   581    6   333  1254.68  1585.02 1004.30
 36.6% -   499    1   735  1676.90  1365.21  865.81
 36.6% -   510    4   103  1790.07  1394.55  884.67
 36.5% +   472   14  1153   346.58  1292.93 1765.03
 36.2% +   285    3  1317   476.87   787.42 1072.37
 36.1% -   571    5   320  1584.55  1584.73 1013.43
 36.0% -   458    2   165  1813.32  1273.45  815.45
 35.9% +   387   11   816   544.99  1077.12 1463.92
 35.9% -   545    4   317  1793.28  1518.93  973.65
 35.7% -   428    1   482  1697.08  1198.24  770.07
 35.7% -   513    4   262  1681.28  1435.34  922.51
 35.4% -   514    4   425  1286.54  1449.26  935.76
 35.3% -   542    6   164  1460.21  1535.30  993.06
 35.3% -   609    5   654  1272.89  1724.68 1115.64
 34.9% -   488    5   406  1084.16  1399.39  911.00
 34.9% -   511    5   392  1264.60  1465.72  954.40
 34.8% -   452    2   252  1545.94  1300.19  847.89
 34.7% -   385    1   309  1211.37  1110.55  725.20
 34.6% +   268   10    64   455.90   774.64 1042.92
 34.6% +   438   14  1100   237.69  1265.57 1703.57
 34.4% -   419    1   481  1792.17  1215.84  797.03
 34.1% -   548    6   323  1477.23  1608.55 1060.59
 34.0% +   123    1   276   485.54   361.66  484.60
 33.9% -   417    1   389  1964.96  1228.94  811.75
 33.9% -   561    5   708  1129.52  1654.62 1093.16
 33.7% -   417    4   420   927.74  1238.04  820.84
 33.6% -   451    3   213  1724.85  1344.71  893.27
 33.5% +   256    5   754   489.99   765.13 1021.27
 33.4% -   480    2   636  1438.19  1435.96  955.65
 33.4% -   388    2   616   968.93  1163.10  774.80
 33.3% +   279   10   377   301.96   837.36 1115.97
 33.2% -   471    4   197  1858.84  1416.33  945.54
 33.2% +   368   13   774   206.45  1110.00 1478.40
 33.2% -   486    1  1058  1601.04  1465.90  979.66
 33.1% -   486    1  1041  1630.25  1466.95  980.92
 33.0% -   303    2   274   888.24   917.79  614.55
 32.8% +   259   12    37    52.65   789.01 1047.60
 32.7% -   550    6   384  1656.04  1682.33 1132.05
 32.5% +   192    1  1092   390.55   589.11  780.66
 32.5% -   513    6   522  1210.87  1577.01 1064.29
 32.4% -   507    5   233  1862.04  1562.23 1055.29
 32.4% +   194    6   170   476.99   600.23  794.68
 32.4% -   434    3   375  1346.21  1339.93  906.23
 32.3% +   254    3  1166   530.44   785.59 1039.72
 32.3% -   538    2  1189  1164.74  1666.52 1128.19
 32.3% -   458    1   791  1927.75  1419.88  961.45
 32.0% +   561   12   988  2492.79  1753.84 2314.36
 31.8% +   221    3  1061   388.50   693.36  914.07
 31.8% +   202    3  1074   247.32   636.02  838.29
 31.8% -   430    2   753  1111.16  1353.87  923.50
 31.8% +   602   14  1056  2489.69  1894.16 2495.81
 31.7% -   375    3   158  1070.74  1183.16  807.93
 31.5% -   463    5   579  1018.52  1468.01 1004.85
 31.5% -   433    1   673  2026.16  1372.83  940.18
 31.5% -   532    5   716  1316.60  1686.98 1155.45
 31.5% +   146    5   104   281.67   464.68  610.88
 31.5% +   320   13   360   271.93  1017.64 1337.69
 31.3% -   714    7  1006  1181.33  2279.82 1565.70
 31.3% -   145    3   121    21.17   464.07  318.98
 31.1% -   506    5   521  1448.55  1624.01 1118.27
 31.1% -   391    3   280  1090.37  1256.92  866.07
 31.1% -   484    7   172  1486.86  1557.94 1073.85
 30.9% -   429    3   240  1895.67  1386.33  957.34
 30.7% -   681    8  1025  1031.33  2214.64 1533.66
 30.7% -   500    5   504  1502.63  1628.66 1128.85
 30.7% -   436    1   697  2148.50  1421.07  985.43
 30.6% -   450    4   333  1934.76  1467.52 1017.93
 30.6% -   393    2   299  1612.70  1282.80  890.29
 30.6% +   563   13  1034  2477.98  1842.24 2405.35
 30.3% -   595    7   756  1473.59  1961.96 1366.70
 30.2% -   438    4   198  2106.63  1450.67 1012.89
 30.1% -   506    4   764  1417.94  1682.10 1176.34
 30.1% -   453    4   348  2047.08  1507.04 1053.95
 29.9% -   420    1  1113  1536.00  1403.60  984.06
 29.7% +   274   10   472   431.95   924.65 1198.86
 29.6% -   345    3   278   994.90  1167.78  822.34
 29.6% -   329    1   620   973.91  1112.02  783.40
 29.6% -   470    5   387  1882.35  1588.80 1119.29
 29.5% +   250    9   368   495.12   847.33 1097.08
 29.4% -   522    6   811  1252.04  1771.80 1250.01
 29.4% +   107    1   292   449.83   363.02  469.74
 29.4% -   252    1   303   931.53   857.42  605.38
 29.4% -   343    2   782   830.72  1165.44  822.88
 29.4% -   506    5   717  1508.97  1722.49 1216.47
 29.4% +   517   12   986  2390.92  1760.00 2276.85
 29.4% -   622    7  1033  1013.03  2119.83 1497.52
 29.2% +   557   13  1186  2462.26  1906.35 2463.53
 29.2% -   393    1   754  1220.47  1346.14  953.10
 29.2% +   508   12   916  2394.85  1740.85 2248.87
 29.1% -   467    6   172  1977.78  1603.89 1136.40
 29.0% -   367    2   500  1246.48  1264.53  897.52
 29.0% -   429    6   135  1144.13  1478.11 1049.28
 29.0% +   242    9   259   554.74   835.54 1077.49
 28.9% -   333    3   186  1068.31  1152.04  819.44
 28.8% +   525   14   807  2358.41  1819.41 2343.97
 28.8% -   385    4   627   956.98  1337.63  952.85
 28.6% +   513   12   958  2499.84  1791.69 2304.30
 28.6% -   327    1   250  1300.17  1145.33  818.08
 28.5% -   425    2   634  1739.81  1490.51 1065.66
 28.4% -   505    5   763  1420.94  1777.14 1272.00
 28.3% -   253    1   211   958.08   891.90  639.06
 28.3% +   222    4   825   874.99   784.52 1006.50
 28.3% -   394    4    84  2243.12  1392.10  998.44
 28.2% +   109    3   182   347.82   384.77  493.42
 28.2% -   340    1   462  2047.57  1202.90  863.24
 28.2% +   532   14   865  2497.16  1885.87 2418.28
 28.2% -   398    5    36  2022.94  1410.58 1012.39
 28.2% -   296    1   606   923.00  1050.05  754.10
 28.1% -   527    6   924  1227.21  1871.76 1344.88
 28.1% -   473    5   651  1573.30  1682.08 1209.01
 28.0% -   410    5   691  1030.64  1465.26 1054.87
 28.0% -   578    7  1010  1514.03  2063.98 1486.12
 28.0% +   274   12   296   326.83   981.72 1256.14
 27.9% -   466    6   475  1800.71  1671.23 1205.69
 27.9% +   196    9    51   314.81   704.94  901.28
 27.8% -   411    4   256  2218.74  1476.03 1065.34
 27.8% -   430    5   516  1450.67  1547.50 1117.04
 27.7% +   489    9  1063  2497.79  1761.94 2250.53
 27.7% +   278   12   218   486.02  1005.67 1283.81
 27.6% -   498    7   623  1691.39  1800.86 1303.34
 27.6% -   444    4   463  1963.41  1607.34 1163.41
 27.5% +   148    5   230   333.69   538.36  686.54
 27.4% +   493   12  1075  2328.11  1798.38 2291.62
 27.4% +   455   12   528  2476.41  1662.88 2118.15
 27.4% -   389    1   793  2171.07  1421.36 1032.24
 27.3% -   372    3   512  1251.60  1360.76  989.23
 27.2% +   518   14  1090  2248.68  1905.50 2423.32
 27.1% +   527   14  1184  2269.89  1943.24 2470.44
 27.1% -   407    5    41  2314.68  1500.28 1093.41
 27.1% -   367    2   296  1878.70  1354.00  986.90
 27.1% -   392    3   266  2178.16  1447.95 1056.20
 27.0% -   457    7   336  1843.58  1691.68 1234.45
 27.0% +   466    9  1097  2330.20  1728.07 2194.42
 26.9% -   401    5   716  1111.23  1492.08 1090.76
 26.9% +   109    3   224   358.77   406.36  515.57
 26.8% +   293   11   448   732.79  1090.35 1383.04
 26.8% -   198    1   257   816.81   738.01  540.09
 26.7% -   524    7   759  1694.02  1960.92 1437.40
 26.4% +   223   10   150   418.41   844.90 1068.13
 26.3% +   500   14  1158  2104.61  1899.69 2400.02
 26.1% +    99    4    18   289.06   380.88  480.17
 26.0% -   359    1   716  1396.41  1376.59 1018.07
 26.0% -   356    5   414   967.00  1368.94 1012.96
 25.9% -   458    6   835  1404.28  1765.79 1308.05
 25.8% +   476   12  1074  2407.71  1843.97 2319.86
 25.8% -   312    1   170  2452.85  1209.08  897.35
 25.8% -   385    2   622  1871.56  1494.23 1109.04
 25.7% +   361   14  1020   510.33  1406.95 1768.12
 25.5% -   368    4   180  2365.46  1443.02 1074.67
 25.5% -   334    2   370  1554.50  1311.23  977.49
 25.4% +   297   13   608   370.89  1170.54 1467.88
 25.3% -   408    4   672  1603.52  1612.43 1204.51
 25.3% +   210    9   332   374.61   830.45 1040.15
 25.2% -   308    1   420  2273.60  1220.35  912.26
 25.2% +   281   12   657   322.50  1113.16 1394.04
 25.2% +   303   14   555   313.73  1201.26 1503.84
 25.1% -   504    8   829  1147.89  2004.34 1500.29
 25.1% -   536    7  1089  1026.25  2132.85 1596.56
 25.1% -   373    4   275  2359.64  1483.58 1110.60
 25.1% +   165    8    15   377.85   657.80  822.78
 25.1% -    82    2   147    17.43   325.56  243.99
 25.1% -   354    4    87  2463.92  1413.52 1059.41
 25.0% -   402    6   367  1947.68  1606.76 1204.33
 25.0% -   123    3   200    58.24   494.63  371.21
 24.8% -   379    2   660  1944.40  1531.20 1151.77
 24.7% -   283    2   752   958.29  1144.41  861.55
 24.6% -   500    7   950  1739.62  2032.23 1531.98
 24.6% -   316    5   285   974.73  1282.84  967.07
 24.5% -   388    4   840  1375.42  1580.95 1192.95
 24.5% -   368    4   263  2469.06  1503.98 1135.59
 24.5% -   399    7   635  1406.31  1630.66 1231.40
 24.5% -   334    2   423  1639.17  1367.64 1033.19
 24.4% -   416    7   670  1558.02  1702.81 1287.07
 24.4% +   252   12   121   608.92  1033.44 1285.66
 24.4% +   183    8   177   486.06   751.58  934.63
 24.3% +   240    9   597   625.99   990.84 1231.22
 24.1% +   441   14   616  2374.41  1828.37 2269.51
 24.1% -   330    1   678  1478.57  1370.31 1039.90
 24.1% -   278    5    72   977.67  1156.55  878.36
 24.0% -   331    1   822  2170.53  1374.91 1044.27
 23.7% -   290    1   992   958.87  1222.41  932.72
 23.7% -   427    6  1006  1219.71  1803.97 1376.62
 23.7% -    84    2   202    21.24   356.17  271.91
 23.5% -   302    2   251  1916.43  1285.20  983.67
 23.5% -   445    6   884  1798.31  1897.87 1452.75
 23.4% -   486    8  1134  1049.84  2073.13 1587.21
 23.4% +   233   10   783   158.93   993.55 1226.07
 23.4% -   311    1   993  1143.58  1328.85 1018.11
 23.4% -   420    5   873  1584.53  1796.70 1377.09
 23.3% +   101    3   175   440.19   431.17  531.84
 23.3% -   471    8   891  1194.36  2016.46 1545.85
 23.3% -   423    6   825  1692.73  1817.77 1394.71
 23.2% -   402    5   755  1584.41  1729.08 1327.49
 23.2% +   415   12   734  2491.82  1792.31 2207.34
 23.1% -   456    7  1000  1620.46  1971.23 1515.44
 23.1% -   421    7   889  1417.96  1826.08 1405.04
 23.0% -   273    5   249   873.75  1185.24  912.49
 23.0% -   304    4   842   893.25  1324.64 1020.21
 22.9% -   265    1   436  1358.14  1154.03  889.42
 22.8% +   214    9   524   474.75   935.40 1149.03
 22.8% +   118    1   780   366.37   516.69  634.33
 22.7% -   345    5   152  2444.81  1523.75 1178.50
 22.6% -   314    6   436   914.53  1389.11 1075.06
 22.5% -   320    1  1068  2011.28  1421.45 1101.80
 22.5% +   221   10   831    39.86   982.64 1203.37
 22.4% +   349   12    18  2461.37  1556.78 1906.19
 22.4% -   383    7   381  2106.96  1705.27 1322.66
 22.4% -   375    5   840   941.55  1676.48 1301.24
 22.3% -   388    6   372  2494.69  1742.34 1353.93
 22.3% +   369   11   532  2419.86  1653.69 2022.31
 22.2% +   354   12    81  2485.34  1589.65 1943.17
 22.2% -   333    4   470  1968.63  1501.10 1167.72
 22.2% -   387    5  1143  1217.72  1745.09 1358.44
 22.1% -   351    3   781  1801.38  1586.21 1235.03
 22.1% -   359    5   569  1856.70  1623.81 1265.08
 22.1% +   363   10   683  2442.92  1643.68 2006.31
 22.0% -   317    1   989  2196.84  1439.17 1121.97
 22.0% -   396    6   668  1922.45  1796.98 1401.13
 21.9% -   381    7   623  1894.02  1739.49 1358.05
 21.9% -   319    1   872  2420.07  1456.34 1137.01
 21.9% -    83    3    88     5.78   380.37  297.20
 21.8% +   381   13   564  2245.56  1745.09 2125.72
 21.8% -   365    5   873  1402.35  1676.79 1311.51
 21.8% +   322    8   562  2479.33  1478.31 1800.12
 21.6% -   227    5    66   848.03  1050.25  823.21
 21.6% -   319    4  1191   999.45  1478.93 1160.05
 21.5% -   439    8  1187  1045.91  2047.06 1607.82
 21.4% +   140    2   851   473.96   650.68  790.23
 21.3% -   207    3   289   853.79   969.85  763.03
 21.3% -   304    1  1112  2011.44  1423.85 1120.33
 21.2% -   317    4   422  2049.71  1491.90 1175.02
 21.2% +   367    8  1012  2390.84  1732.12 2099.19
 21.2% -   313    1  1002  2320.13  1475.40 1162.88
 21.2% -   286    2   267  2116.93  1349.04 1063.43
 21.0% +   178    9   524   136.46   848.89 1027.25
 21.0% -   302    8    34  1225.20  1438.52 1136.37
 21.0% +   130    5   261   464.94   621.12  751.48
 21.0% +   188    8   403   654.97   895.14 1082.93
 20.9% -    41    1   141    10.15   195.14  154.31
 20.8% -   313    4  1202  1074.87  1501.24 1188.42
 20.8% +   323    8   792  2437.24  1556.70 1880.05
 20.7% -   311    4   448  2055.97  1497.46 1186.87
 20.7% -   313    4   932  1287.34  1513.28 1199.88
 20.7% -   256    2  1175   816.20  1237.62  982.02
 20.6% -   300    5   132  2387.03  1454.05 1153.90
 20.5% +   361   11   913  2253.41  1758.56 2119.69
 20.4% -   228    5   117   953.06  1116.80  888.64
 20.4% -    32    1    76    13.74   158.35  126.00
 20.4% -    88    3   177    18.73   430.86  343.08
 20.3% +   150    7   568   159.12   738.92  889.28
 20.3% -   348    7   690  1807.71  1710.98 1362.88
 20.3% +   102    1   759   330.29   500.92  602.69
 20.3% +   196   11   293   285.14   966.87 1162.99
 20.3% -   304    8   161  1230.37  1499.24 1195.45
 20.2% -   397    9   913  1021.29  1964.86 1567.40
 20.2% -   175    3    98   871.46   866.05  691.26
 20.2% +   323   11   456  2223.72  1600.10 1922.82
 20.2% +   239   12   437   639.96  1183.74 1422.45
 20.0% -   298    2   933  1589.58  1489.99 1191.67
 20.0% +   249   12   452   816.56  1243.10 1491.72
 20.0% +    81    5    14    78.33   406.70  488.02
 20.0% -   344    6   909  1332.18  1720.21 1376.36
 19.9% -   240    2    18  2503.46  1206.95  966.69
 19.9% +   244   12   947   193.05  1225.63 1469.24
 19.8% -   293    8   207  1146.93  1479.01 1185.55
 19.8% -   415   11   916  1036.91  2098.07 1683.01
 19.8% -   354    5   789  1853.31  1792.88 1438.57
 19.7% +   258   14   512   526.84  1306.64 1564.22
 19.7% -   443    9  1155  1346.40  2248.12 1805.59
 19.7% +   231   11  1004   167.15  1175.65 1406.85
 19.6% -   361   10   773   865.92  1837.11 1476.39
 19.6% -   299    8   276  1179.90  1522.60 1223.75
 19.5% -   263    3   139  2428.89  1345.66 1082.65
 19.5% +   333   13   247  2339.61  1705.90 2039.12
 19.5% +   252   14   767   186.47  1292.77 1545.27
 19.5% -   302    7   368  1231.69  1550.04 1247.67
 19.5% -   314    5   811   952.39  1608.60 1294.91
 19.4% -   304    6   135  2488.22  1561.20 1257.57
 19.4% -   129    4   305   125.79   664.43  535.84
 19.3% -   270    6   597   888.84  1395.65 1125.84
 19.3% -    39    1   140    22.71   199.68  161.12
 19.3% -   349    6  1043  1404.35  1807.42 1458.63
 19.3% -   349    7   817  1127.87  1809.91 1461.06
 19.3% -   269    1   869  1498.88  1398.94 1129.46
 19.2% -   352    8  1142   776.74  1827.44 1475.87
 19.2% -   136    1   344   813.85   707.88  571.71
 19.2% -   325    5   828  1606.84  1690.82 1366.22
 19.2% +   363   13   858  2258.01  1889.71 2252.24
 19.1% +   288   14   999   619.42  1510.57 1798.57
 19.1% -   218    7   803    12.75  1146.78  928.28
 19.0% -   293    3  1136  1296.54  1536.60 1243.98
 19.0% -   300    2  1029  1702.60  1577.55 1277.48
 19.0% +   160    8   610   208.29   841.27 1001.18
 19.0% +   367   14   646  2418.19  1931.21 2297.87
 19.0% -   108    1   893    19.76   570.71  462.56
 18.9% -   166    3   892   171.32   875.39  709.58
 18.9% -   307    6   470  2235.72  1628.60 1321.24
 18.9% +   179   11   265   218.66   949.34 1128.42
 18.8% -   257    8    80  1092.18  1365.73 1109.18
 18.7% -   224    1  1115   926.13  1192.88  969.32
 18.7% +   155    9   310   239.64   828.16  983.33
 18.7% +   243   14   174   815.30  1295.14 1537.81
 18.7% -   319    7   381  2342.27  1705.24 1386.19
 18.6% -   145    3   621   214.08   779.66  634.27
 18.6% -   287    2  1155  1517.18  1543.17 1255.76
 18.6% -   299    4  1047  1657.68  1605.84 1306.91
 18.6% -   217    3   771   725.67  1166.93  949.80
 18.6% -   279    7   150  1379.35  1500.09 1221.14
 18.6% -   118    1   264   758.27   636.19  517.94
 18.5% +   249   13  1204    24.47  1344.17 1593.49
 18.5% +   308   12   342  2253.61  1659.50 1967.26
 18.5% +   133    7   250   364.79   718.71  851.74
 18.5% +   333   14   191  2442.76  1798.47 2131.34
 18.5% +   130    8   323    46.48   703.45  833.47
 18.5% +   120    6   233   346.98   648.57  768.33
 18.4% +   237   11  1149   270.81  1284.51 1521.32
 18.4% +   113    7   125   193.62   616.24  729.67
 18.4% -    67    3    93     1.42   364.51  297.49
 18.4% +    82    1   432   581.71   448.34  530.75
 18.4% -   278    3   874  1191.40  1515.99 1237.56
 18.3% +    84    4     6   458.70   459.21  543.47
 18.3% +   331   14   467  2176.26  1809.83 2140.91
 18.3% -   100    2   543   103.37   544.12  444.61
 18.3% -   311    6   818  1130.38  1704.06 1392.66
 18.3% -   311    7   671  1297.02  1703.20 1392.11
 18.2% -   302    5   586  2135.36  1661.61 1359.32
 18.2% -   324    5   644  2383.17  1785.53 1461.18
 18.2% +   318    8  1159  2175.27  1752.18 2070.39
 18.1% +   335   10  1083  2105.36  1844.58 2179.11
 18.1% -   201    6    84   852.70  1109.32  908.14
 18.1% -    66    3    80    21.05   366.87  300.47
 18.1% -   311    6   806  1760.64  1718.76 1408.12
 18.1% +   359   11  1156  2231.86  1988.56 2347.90
 18.1% -   285    7   948   657.17  1578.97 1293.67
 18.0% -   389   11  1095  1071.83  2159.33 1770.76
 18.0% +   315   12   398  2481.44  1755.18 2070.56
 18.0% +   315    8   916  2417.62  1755.05 2070.12
 17.9% -   272    7   344  1242.05  1514.40 1242.75
 17.9% -   258    3   327  2141.92  1438.41 1180.42
 17.9% -   361    7  1126  1103.75  2014.72 1653.95
 17.8% +   206   11   398   723.39  1154.77 1360.66
 17.8% -   278    6   690  1009.37  1559.83 1281.73
 17.8% -   267    5   770   873.33  1502.49 1235.00
 17.8% -   258    8   303  1072.44  1453.25 1195.22
 17.7% -   233    1   979  1292.54  1313.53 1080.75
 17.6% +   113    2   875   393.25   640.56  753.62
 17.6% +   208   11   650   524.80  1179.09 1386.93
 17.6% +   137    4  1048   279.75   780.15  917.34
 17.6% +   276   11    67  2455.53  1572.91 1849.14
 17.5% +   298   11   636  2238.97  1699.94 1998.15
 17.5% -   256    3   624  1160.92  1459.34 1203.63
 17.4% +   218   11   960   383.64  1248.46 1466.31
 17.4% -   311    9   849  1007.41  1785.47 1474.25
 17.4% +   145    8   297   481.09   835.08  980.30
 17.3% +   180   10   223   745.89  1037.45 1217.26
 17.3% +   206   13    36   808.38  1190.16 1396.22
 17.3% +   304   12   643  2194.16  1758.03 2061.96
 17.3% -   247    2   941  1565.77  1432.79 1185.44
 17.2% -   277    8   836   735.52  1606.63 1330.04
 17.2% +   303    9  1139  1973.31  1759.33 2062.17
 17.1% -   276   10     5  1338.90  1610.25 1334.25
 17.1% -   267    9   218  1203.45  1561.63 1295.08
 17.1% +   145    9    97   518.56   850.57  995.71
 17.0% -   353    7  1185  1768.01  2072.18 1719.18
 17.0% -   259    8   435  1129.65  1525.26 1265.97
 17.0% +   265   10   459  2183.11  1559.59 1824.34
 17.0% -   249    5   764   848.75  1468.46 1219.20
 17.0% -   339   10   796  1352.08  2000.19 1661.07
 16.9% +   298   10   860  2380.76  1759.97 2058.27
 16.9% -   257    9    72  1281.32  1515.54 1258.68
 16.8% -   239    3   560  1664.15  1419.48 1180.74
 16.8% -   259    9   118  1285.82  1539.77 1281.00
 16.8% +   289    8   888  2296.07  1718.71 2007.31
 16.7% -   260    9   238  1197.83  1560.78 1300.66
 16.6% -   242    7   237  1262.27  1452.17 1210.40
 16.6% +   193   10  1192    23.47  1157.87 1350.50
 16.6% -   107    2    68   756.61   648.53  541.07
 16.5% -   272    5   659  2083.15  1645.06 1372.97
 16.5% +   298   12   675  2277.93  1807.33 2105.55
 16.5% +   267   10   454  2359.42  1619.00 1885.91
 16.4% -    29    1   133     8.34   179.06  149.67
 16.4% -   254    7   256  2180.53  1548.87 1295.02
 16.3% -   214    1  1035  1289.84  1317.33 1103.03
 16.2% +   284    8   867  2373.39  1747.22 2030.96
 16.1% -   349    9  1182  1342.24  2164.15 1815.18
 16.1% +    70    2   222   456.24   437.40  507.89
 16.1% -   323   10   793  1422.29  2007.62 1685.08
 16.1% -   220    9    14  1057.38  1372.31 1151.96
 16.1% +   211   12  1139   124.65  1314.30 1525.25
 16.0% +   128    8   413   222.83   802.95  931.16
 16.0% -   194    6   378   837.63  1215.96 1021.88
 15.9% -   186    6   194   914.25  1168.72  982.57
 15.9% -   195    7   901   136.80  1222.60 1028.06
 15.9% -   242    2   785  1964.63  1522.76 1280.46
 15.9% +    85    3   471   288.19   535.67  620.89
 15.8% -   260    7   313  2408.02  1637.65 1378.11
 15.8% -   198    3   842   865.37  1251.14 1052.96
 15.8% +   169   10   714   269.06  1067.81 1236.74
 15.8% +   253    9   662  2275.59  1599.27 1852.25
 15.8% -   258    7   300  2417.85  1634.04 1375.82
 15.7% +   277    9  1079  1981.94  1763.16 2040.59
 15.7% +   167   10   728   226.53  1060.47 1227.31
 15.7% -   259    5   503  2335.55  1649.42 1390.84
 15.6% -   311    8  1005  1391.37  1987.39 1676.48
 15.6% -   163    2   713   740.33  1048.28  885.15
 15.6% +   142    9   397   348.49   913.29 1055.32
 15.5% -   240    2   958  1855.58  1549.54 1309.23
 15.4% -   114    1   388   827.37   741.46  627.07
 15.4% -   270    6   751  2085.98  1757.81 1487.50
 15.4% -   123    5   332   218.03   801.73  678.46
 15.4% -   246    7   577  1959.13  1603.60 1357.23
 15.3% +   288   12  1088  1977.91  1883.21 2171.01
 15.3% -   283    7   847  1994.62  1851.70 1569.05
 15.3% +   248   12   158  2195.67  1625.46 1873.54
 15.1% +   263   11   623  2265.21  1739.18 2002.14
 15.1% -   245    8   978   710.43  1624.58 1379.14
 15.1% +   259   11   663  2141.08  1715.29 1974.25
 15.0% -   194    5   517   919.25  1288.31 1094.81
 15.0% +   243   10   536  2194.42  1615.13 1857.67
 15.0% +   283   10  1009  2164.22  1889.87 2172.75
 15.0% -   107    2   993    54.24   715.19  608.25
 14.9% +   273   12   959  1947.82  1833.24 2106.00
 14.8% +   265   12   574  2240.90  1785.72 2050.84
 14.8% +   136    8   534   429.88   916.02 1051.68
 14.7% -   139    6   370   315.09   946.39  807.21
 14.7% +   230   10   478  2091.79  1568.41 1798.68
 14.7% -   261    9   816  1171.81  1780.58 1519.57
 14.6% +   288   14   904  2005.96  1970.01 2257.83
 14.6% -   261    5   781  2114.27  1789.85 1529.16
 14.5% -   236    8   945   766.98  1625.53 1389.03
 14.5% -   284   10   955  1182.33  1950.30 1666.74
 14.5% +    66    3    80   517.54   457.49  523.89
 14.5% -   217    6   840   870.82  1496.46 1279.26
 14.3% +   255   10   976  2166.02  1775.03 2029.69
 14.3% +   227   11   312  2072.39  1586.22 1813.62
 14.3% -   248    6   907  1650.17  1737.86 1490.00
 14.2% +   253   11   927  1994.33  1779.12 2032.30
 14.2% -   253   12   104  1300.05  1779.92 1526.82
 14.2% -   224    4   810  1852.31  1575.87 1352.03
 14.2% -   253    8   801  1241.21  1780.65 1527.73
 14.2% +   239   10   643  2263.77  1685.92 1925.02
 14.2% -   221    7   287  2293.50  1558.09 1337.30
 14.2% -   232    8   633  1308.36  1639.12 1406.87
 14.2% +   122    4  1100   370.61   860.32  982.11
 14.1% +    93    1  1060   501.67   658.14  750.97
 14.1% +    60    4    11   312.01   426.22  486.31
 14.0% -   258    8  1182   990.07  1840.75 1582.27
 14.0% +   203   12  1135   475.95  1447.39 1650.04
 14.0% +    83    5   247   296.51   594.93  677.95
 13.9% -    45    3    41     4.52   320.12  275.48
 13.9% -   186    6   855   591.35  1339.72 1153.51
 13.9% -   295   13   997   920.48  2124.16 1829.11
 13.9% -   222    7   671  1262.85  1600.42 1378.27
 13.9% +   284   11  1106  2250.54  2050.62 2334.75
 13.8% +   275   11  1116  2067.80  1987.44 2262.20
 13.8% +   146    9   444   725.31  1062.52 1208.83
 13.7% -   321   14  1020  1201.75  2337.73 2017.03
 13.7% -   200    7    15  2436.67  1459.63 1259.65
 13.7% -   109    3   269   708.05   799.12  689.84
 13.7% -   121    5   351   407.74   883.11  762.51
 13.6% -   189    1  1105  1432.30  1387.17 1197.96
 13.6% -   193    1  1166  1423.69  1412.13 1219.62
 13.6% -   154    6  1044    47.46  1133.45  979.11
 13.6% -   268    6  1203  1900.48  1972.88 1704.43
 13.5% +   254   11   815  2385.60  1872.44 2126.12
 13.5% -   231   12    33  1249.13  1707.38 1476.54
 13.5% +   121    5   831   432.80   901.36 1022.73
 13.5% +   231   13   145  2202.42  1716.13 1947.12
 13.4% -   250    7  1161  1499.97  1862.45 1612.61
 13.4% -   167    4   730   799.25  1250.66 1083.20
 13.4% -   116    4   166   791.52   866.18  750.27
 13.4% +   218   12    59  2247.39  1629.92 1847.61
 13.3% +   100    3   712   512.23   751.16  851.38
 13.3% -   172    8   221   936.98  1287.00 1115.29
 13.3% -   244    7   953  1918.24  1833.56 1589.51
 13.3% -   190    7   738   730.28  1429.72 1240.02
 13.2% -   247   10  1026   828.82  1865.67 1619.02
 13.1% +   238    9  1064  2016.76  1810.94 2048.92
 13.1% -   266   11   706  1508.23  2030.59 1764.48
 13.1% +   115    5  1076   190.33   879.65  994.70
 13.0% +   157   14   383    97.95  1203.93 1360.80
 13.0% +   203   10   396  2068.65  1556.68 1759.19
 13.0% +   189    8   275  2347.09  1454.47 1643.45
 13.0% -   253    8   897  1536.36  1944.62 1692.01
 13.0% +   186    3  1159  2209.44  1434.84 1621.08
 13.0% -   220    4  1113  2103.82  1695.08 1475.16
 12.9% -   170    7   309  1021.75  1309.85 1140.23
 12.9% -   230    6  1148  1525.81  1776.48 1546.45
 12.9% -   196    3   760  2073.25  1522.45 1326.12
 12.8% -   139    1  1122   861.50  1081.05  942.53
 12.7% +   149   10   888   298.68  1171.54 1320.48
 12.6% -   188    8   467  1178.71  1483.33 1295.80
 12.6% +   123    9   686   145.66   972.95 1095.56
 12.6% -   179    2   570  2297.12  1423.86 1244.79
 12.6% -    26    2    13     4.67   203.52  177.95
 12.5% -   185    8   415  1214.97  1473.75 1289.09
 12.5% +   199    8   621  2391.34  1593.12 1791.70
 12.5% -   189    7   151  2461.93  1516.58 1327.67
 12.4% -   168    8   302  1046.04  1353.77 1185.43
 12.4% +   202    9   460  2424.47  1624.68 1826.61
 12.4% -   211    7  1071   841.11  1699.90 1489.02
 12.4% -   203    7  1168   667.94  1639.55 1436.25
 12.4% -   176    3   718  1158.02  1416.98 1241.37
 12.4% +   232   12  1046  1850.85  1875.72 2107.63
 12.4% -   216    5  1014  1853.57  1749.31 1533.17
 12.3% +   247   13  1055  2005.84  1997.52 2244.20
 12.3% -   212    6   836  2035.17  1718.79 1507.20
 12.3% -   182    8   638  1007.48  1483.06 1300.65
 12.3% +   218   10   872  2191.27  1776.62 1995.10
 12.3% +   105    8   123   612.55   851.24  955.87
 12.3% -   203   10   621   978.73  1656.28 1453.16
 12.3% -    70    3   504    63.39   568.17  498.55
 12.2% -   203    5  1120  1514.91  1658.97 1455.77
 12.2% +   214   12   566  2013.70  1752.03 1966.01
 12.2% +    88    2  1139   306.43   726.14  814.58
 12.2% -   168    5   908   716.70  1375.88 1208.38
 12.2% -   211   11   322  1251.30  1732.46 1521.83
 12.1% -   231    8  1009  1378.07  1903.76 1672.57
 12.1% -   246    9   954  1483.39  2024.20 1778.70
 12.1% -   253   13  1062   869.28  2090.54 1837.98
 12.1% -   223    8   817  1455.73  1847.26 1624.55
 12.1% +   112    5   966   359.51   927.98 1039.86
 12.0% -   223   11   886   922.66  1852.24 1629.28
 12.0% -   176    3   334  2449.89  1472.53 1296.25
 12.0% +   195   11   372  2048.26  1632.61 1827.73
 11.9% -   180   10   164  1144.90  1516.43 1335.96
 11.9% -   130    4   725   588.90  1097.95  967.51
 11.8% -   176    5   948   898.60  1499.68 1323.40
 11.7% +    83    6   248   395.40   710.15  793.38
 11.7% -   121    6   222   709.07  1031.34  910.56
 11.7% -   180    3   992  1897.41  1539.00 1358.94
 11.6% +   119    9   868    62.12  1022.81 1141.92
 11.6% -    42    3   117    21.99   359.10  317.55
 11.5% +   190    9   524  2367.12  1640.78 1830.28
 11.5% -    15    1    55     3.60   126.06  111.53
 11.5% +    72    5   116   478.10   624.04  695.83
 11.5% +    77    6    72   457.75   666.59  743.17
 11.5% +   165    3  1162  2152.66  1434.71 1599.49
 11.5% +    26    1   181   128.05   225.12  250.96
 11.4% -   146    9    13   986.41  1271.52 1125.96
 11.4% -    72    4   477    18.97   631.50  559.22
 11.4% -   187   10   175  1443.25  1635.50 1448.32
 11.4% -   207    5  1010  2054.21  1810.37 1603.72
 11.4% -   127    6   425   709.75  1114.90  987.95
 11.4% +    78    7   194   202.49   686.23  764.31
 11.4% -   132    5   714   617.72  1164.20 1031.75
 11.4% -   186    9   482  1348.44  1633.26 1447.60
 11.4% -   173    3   779  2110.90  1520.73 1347.94
 11.4% -   181    9   803   880.17  1589.75 1409.12
 11.3% +   135    9   989   378.12  1193.72 1329.19
 11.3% +   186   10   215  2440.91  1638.66 1824.43
 11.3% -   154    3   606  1184.23  1364.54 1210.06
 11.3% -   159    7   868   625.09  1403.48 1244.92
 11.2% +   167   14   457   848.61  1492.64 1659.16
 11.2% -    60    1   815    97.89   539.36  479.22
 11.2% -   136    5   685   747.14  1216.36 1080.72
 11.1% +   199   11   844  1962.77  1787.57 1986.08
 11.1% -   142    7   636   697.02  1276.06 1134.41
 11.0% -   115    5   477   704.42  1045.96  930.55
 11.0% -   207   11   741  1207.39  1878.06 1670.88
 11.0% -   241   13  1167  1074.36  2197.33 1955.91
 11.0% -   196    6   930  1907.95  1788.75 1592.46
 11.0% +   195    9  1000  1901.79  1778.65 1973.75
 11.0% -   219   12  1003   983.23  1996.18 1777.22
 10.9% -    80    1   458   834.70   737.28  657.00
 10.9% -   168    9   576  1059.79  1547.50 1379.40
 10.8% -   133    5   595   863.93  1231.67 1098.31
 10.8% -    55    2   547   119.09   509.52  454.38
 10.8% -   233   13  1054  1131.25  2162.03 1928.93
 10.8% -   135    6   577   897.74  1257.31 1121.84
 10.8% -   186   10   631  1220.71  1730.86 1544.48
 10.8% -    14    1    47    17.97   128.91  115.05
 10.7% +   196   14   343  2013.40  1839.05 2035.16
 10.7% +    56    6    45    81.59   522.58  578.29
 10.6% -   213   11   955  1282.19  2000.42 1787.69
 10.6% +   169   11   226  2013.45  1590.82 1759.72
 10.6% +   194   12   714  2003.23  1829.06 2023.04
 10.6% -   168    9   578  1167.71  1587.21 1419.02
 10.5% +   103    8   392   661.27   978.13 1081.02
 10.5% -   171    9   938   742.17  1632.10 1460.67
 10.5% +    64    1   931   327.97   609.73  673.46
 10.4% -   160   10   314  1098.80  1539.10 1378.89
 10.4% -   143    9   194  1054.93  1374.90 1232.23
 10.3% -   153    9   463  1024.53  1476.48 1323.77
 10.3% +   119   11   496   373.98  1152.99 1272.11
 10.2% +    59    5   130   306.90   574.10  632.79
 10.2% +   179   10   886  1990.03  1749.93 1928.53
 10.2% +   142   13   889   232.72  1394.38 1536.16
 10.1% -   148    8   200  1508.89  1461.33 1313.20
 10.1% +   170   12   379  1897.29  1682.98 1853.04
 10.1% -   129    9   101   950.23  1281.64 1152.53
 10.1% +    58    5   103   333.22   573.58  631.30
 10.0% +    41    3   154   274.04   406.91  447.62
 10.0% +   198   13   710  2223.86  1979.83 2177.79
  9.9% -   122    6   697   651.64  1237.71 1115.64
  9.8% -   199   12  1070  1055.51  2030.76 1831.38
  9.8% +   128    9  1080   539.51  1306.91 1435.19
  9.8% -    53    1   797   126.80   543.18  489.94
  9.8% +   192   13   996  1809.20  1956.89 2148.63
  9.7% +    62    5    57   559.05   639.73  702.07
  9.7% +   108    9   708   461.07  1110.60 1218.35
  9.7% +   142    8   107  2450.89  1468.19 1610.47
  9.6% +   115    8  1090   419.76  1189.47 1304.10
  9.6% +    72    3   795   450.85   743.94  815.60
  9.6% -   139    6   957   727.75  1448.72 1309.93
  9.6% -   146    2   826  2163.39  1523.26 1377.68
  9.5% +   169   12   353  2150.17  1765.67 1934.20
  9.5% +   187   14   719  1973.14  1980.99 2168.31
  9.4% -   177   10   816  1425.64  1872.81 1695.95
  9.4% +   188   14   595  2140.61  1989.13 2176.72
  9.4% -   161   10   895   937.46  1714.80 1553.39
  9.4% -    97    5   629   484.34  1029.87  933.03
  9.4% +   163   11   667  1915.95  1732.20 1894.88
  9.4% -    51    3   399   141.39   546.04  494.85
  9.4% -   145    8  1185   554.98  1545.67 1400.79
  9.4% -   144    3   981  2008.83  1539.47 1395.27
  9.3% +   113    9   934   415.50  1208.82 1321.79
  9.3% +   159   11   512  2016.19  1710.53 1869.39
  9.2% -    70    4   380   446.66   764.24  694.30
  9.1% -    98    6   290   814.04  1077.35  978.89
  9.1% +    37    1   214   540.03   402.81  439.53
  9.0% +   171   14   595  1818.77  1889.90 2060.86
  9.0% +   135    8   342  2259.06  1502.02 1637.22
  9.0% +    72    6   383   462.79   800.30  871.97
  8.9% -   171   12   710  1249.41  1921.09 1749.99
  8.9% +   158   12   508  1970.54  1770.91 1928.43
  8.9% -   151    4   862  2335.55  1698.94 1547.84
  8.9% -   157   14   124  1064.64  1761.68 1605.07
  8.8% +   169    9   938  2224.29  1913.87 2083.16
  8.8% +   160   13   112  2299.56  1807.67 1967.24
  8.8% +   173   13  1004  1757.75  1960.67 2133.47
  8.8% -   137    8   592  1402.98  1561.41 1424.03
  8.7% +   101   10   273   799.90  1155.05 1255.70
  8.6% -    55    1   362   749.19   636.51  581.49
  8.6% -   158    7   987  2164.10  1839.67 1681.23
  8.6% -   146   12   229  1216.16  1696.65 1550.84
  8.6% +    67    4  1065   119.34   781.82  848.69
  8.5% +    28    1   252   285.50   331.74  359.92
  8.4% -   157   12   893   910.41  1862.13 1704.81
  8.4% +   145   11   605  1880.69  1711.55 1856.15
  8.4% -   115   10     5  1094.06  1361.08 1246.11
  8.4% +   145   13   125  2004.61  1721.56 1866.91
  8.4% +   145    9   800  2167.72  1726.51 1871.38
  8.4% +   157   11   685  2272.75  1873.94 2030.89
  8.4% -    66    5   446   219.98   788.62  722.57
  8.4% -   136   11   437  1053.24  1630.47 1494.23
  8.3% -    88    5   751   407.43  1063.46  975.43
  8.3% -   122    8   544  1279.51  1483.77 1361.34
  8.2% +   144   11   610  1990.79  1753.56 1897.88
  8.1% +   114   12  1065   203.20  1408.25 1522.45
  8.1% +   116    3  1109  2092.26  1436.66 1552.91
  8.0% +    54    2   794   402.31   671.06  724.94
  8.0% -   136    4  1194  2250.51  1691.15 1555.39
  8.0% -    74    6   420   386.77   929.16  855.24
  7.9% -    91    5   794   511.00  1139.94 1049.42
  7.9% +    45    3   275   543.74   572.73  618.18
  7.9% -   145    7   776  2447.82  1826.93 1681.98
  7.9% -   156   14   545  1206.76  1977.89 1821.53
  7.9% -    16    2    21    20.04   204.58  188.47
  7.9% -    68    1   909   741.82   866.07  798.02
  7.8% +   157   10  1187  1981.09  2013.21 2170.60
  7.8% -   130    8   752  1519.78  1662.92 1532.96
  7.8% -    80    5   679   476.08  1030.41  950.13
  7.7% +   147   11   958  1999.13  1900.18 2047.05
  7.7% +   126   13  1199   493.00  1634.13 1760.06
  7.7% -   137   12   757   897.40  1780.07 1643.00
  7.7% +    57    3   692   450.70   748.57  806.06
  7.7% -   137    5   895  2329.69  1791.96 1654.59
  7.7% -   125   10   532  1223.36  1631.49 1506.57
  7.7% -    18    2    89    13.85   234.20  216.28
  7.6% -   105    8   630   967.69  1388.05 1282.97
  7.6% +   126    5  1085  2486.43  1664.83 1790.81
  7.6% -   117   11  1179    31.36  1550.55 1433.35
  7.5% -   146   12   765  1343.97  1953.03 1807.13
  7.5% +   140   12   965  1700.28  1879.09 2019.40
  7.4% -    46    1   547   573.60   616.27  570.72
  7.4% +   120   10   358  2066.62  1624.11 1744.02
  7.4% -    82    7   709   320.80  1116.62 1034.36
  7.4% -   115   12    10  1203.10  1564.90 1449.62
  7.3% +    52    5   567   193.11   718.30  770.70
  7.3% +   124   14  1138   518.18  1696.86 1820.50
  7.3% +   113    8   312  2383.17  1557.27 1670.50
  7.2% +    77    9   191   789.52  1058.50 1135.18
  7.2% +    61    3   906   540.03   848.42  909.16
  7.1% -   111    4  1180  1948.55  1565.16 1454.39
  7.1% +    91   12   211   749.56  1285.23 1376.02
  7.1% +   132   11   667  2221.67  1872.89 2004.94
  7.0% +    55    4   675   381.48   779.68  834.50
  6.9% -    98    3   429  2400.13  1411.95 1314.07
  6.9% -    47    5   324   128.94   686.54  639.34
  6.9% +   134   13   855  1798.75  1951.77 2085.65
  6.9% -   116    4   886  2401.28  1698.00 1581.58
  6.9% -    34    4   231    20.39   499.26  465.04
  6.9% +   114   12    46  2077.07  1666.29 1780.45
  6.8% +   132   12   882  1958.14  1944.88 2077.37
  6.8% +   107   11    24  2029.04  1569.37 1676.25
  6.8% -    89    5  1028   653.19  1313.95 1224.48
  6.7% -    57    5   126   696.14   845.35  788.83
  6.7% +    46    7   205   103.31   683.10  728.74
  6.7% +   103   10   174  1991.96  1542.40 1645.41
  6.7% -   125   11   654  1516.42  1870.43 1745.59
  6.6% +   111   14   805   834.06  1683.49 1794.36
  6.6% +    47    3  1013   166.52   711.07  757.88
  6.6% +   117   10   753  2054.02  1779.08 1895.71
  6.5% -   110   14   127   988.40  1688.90 1578.97
  6.4% -    98    2   983  2109.93  1519.98 1422.11
  6.4% -   102    3   769  2497.93  1587.80 1485.97
  6.4% -   138   12  1189  1453.16  2162.13 2024.52
  6.3% -   108    5   942  2092.87  1696.72 1589.07
  6.3% -   106   11   293  1410.00  1673.70 1567.94
  6.2% +    85   10  1145   311.43  1366.61 1451.70
  6.2% +    47    2   719   591.44   755.30  802.06
  6.2% +   120   12   852  1957.90  1944.89 2064.68
  6.1% -    51    7   316   141.89   837.80  786.55
  6.1% -   101   11   332  1352.48  1663.39 1562.05
  6.1% -    96   12   211  1048.29  1579.73 1483.56
  6.1% -    41    2   521   467.19   667.85  627.25
  6.0% +   116   12   601  2166.56  1918.46 2034.38
  6.0% -   115    8   892  1768.53  1902.37 1787.42
  6.0% +   110    8  1124  1908.69  1833.27 1943.73
  6.0% +   120   14   976  1526.58  1995.87 2115.49
  6.0% +    98   10   160  2272.56  1642.15 1740.12
  6.0% +    60    6   803   465.60  1012.00 1072.26
  5.9% +   106   10   965  1851.28  1805.77 1911.76
  5.8% -   102   12   466  1291.33  1770.37 1667.96
  5.7% +   110   14   865  1422.11  1921.18 2031.26
  5.7% -   104   11   558  1549.86  1823.47 1718.99
  5.7% +   110   14   414  1919.70  1918.89 2028.41
  5.7% +    79   12  1077    32.55  1387.43 1466.06
  5.6% +   101    8  1053  1864.01  1794.57 1895.14
  5.6% +   115   14   958  1727.76  2065.16 2180.35
  5.6% +    66   14    94   105.94  1180.63 1246.44
  5.6% +    71   11   859   146.71  1267.98 1338.60
  5.5% -    93   14   113  1091.13  1703.02 1609.66
  5.5% -    87   11    36  1541.47  1593.24 1506.13
  5.5% -    99   11   527  1550.32  1806.06 1707.38
  5.3% -   101    9  1012  1429.04  1880.76 1780.24
  5.3% -    92    9   896  1398.54  1727.10 1634.79
  5.2% +    87    5  1080  2383.82  1664.76 1751.78
  5.1% +    95   14   777  1248.61  1837.25 1931.84
  5.1% -    76    8    77  1930.98  1485.69 1409.80
  5.1% -    87    4  1000  2355.34  1699.56 1612.92
  5.1% -    79   12    96  1164.37  1553.21 1474.37
  5.1% -    72    5  1050   882.86  1430.04 1357.74
  4.9% +    60   10   625   519.94  1229.41 1289.68
  4.9% -    33    1   620   490.45   678.74  645.61
  4.9% +    50    4  1075   586.17  1023.65 1073.47
  4.9% -    87   11   498  1578.39  1793.52 1706.46
  4.8% -    65    5  1126   664.90  1336.74 1271.97
  4.8% +    83    5  1116  2460.46  1711.97 1794.49
  4.8% -    85   13   137  1505.66  1777.72 1692.69
  4.6% +    63   11   327   961.08  1356.46 1419.25
  4.6% -    79   12    64  1641.01  1710.72 1631.56
  4.6% -    53    9   800    39.96  1158.68 1105.39
  4.6% +    52    8  1166    99.47  1149.07 1201.50
  4.6% +    84   12   495  1948.13  1831.92 1915.43
  4.5% -    26    5   125    96.38   570.99  545.28
  4.5% -    36    6   344   233.31   800.18  764.21
  4.5% +    78   12   482  1710.47  1746.74 1824.93
  4.5% +    61   12   218   901.03  1371.86 1433.21
  4.5% -     8    1    85    89.83   175.53  167.72
  4.4% +    30    4   724    89.99   667.98  697.67
  4.4% +    76    8   862  1817.85  1719.37 1795.54
  4.4% +    66    8    52  2353.50  1485.05 1550.66
  4.4% +    35    7   273   285.83   793.58  828.50
  4.4% +    55    9   748   653.42  1249.66 1304.39
  4.4% +    54    9   592   793.55  1235.69 1289.64
  4.4% -    66    8   255  1817.19  1510.91 1445.09
  4.3% +    42    7   748   241.73   971.31 1013.38
  4.3% -    70    9   223  1916.03  1623.73 1553.51
  4.3% +    89   14  1001  1647.24  2080.00 2169.43
  4.3% +    66    2  1158  2355.92  1528.91 1594.62
  4.3% +    77   13  1152   864.45  1797.14 1874.04
  4.3% +    83    9  1165  1868.79  1945.95 2029.19
  4.3% +    57   13    19   807.27  1331.53 1388.17
  4.2% -    51    5   865   644.79  1202.46 1151.49
  4.2% -    34    3  1027   180.00   804.96  770.84
  4.2% -    68   12   333  1103.21  1618.13 1549.70
  4.2% -    78   11   920  1338.65  1871.27 1793.31
  4.1% -     5    1    59     8.31   120.65  115.66
  4.1% -    65    4  1124  2177.18  1567.43 1502.89
  4.0% -    59    3  1092  1737.65  1462.01 1403.04
  4.0% +    58    2   897  2382.39  1437.95 1495.65
  4.0% +    68    9   885  1764.97  1694.37 1762.09
  4.0% +    72   11   775  1752.23  1809.29 1881.30
  4.0% -    38    6   373   587.38   956.61  918.63
  4.0% +    32    3   870   413.23   795.80  827.35
  3.9% +    38    7   789   185.73   966.26 1004.14
  3.9% +    29    2   301   769.23   731.28  759.92
  3.9% +    65    9   768  1815.60  1666.18 1731.18
  3.9% -    58   12    49  1118.38  1494.81 1436.67
  3.9% -    60   13    11  1114.96  1555.48 1495.34
  3.8% -    73   10   877  1711.12  1897.37 1824.34
  3.8% +    54   12   307   957.17  1432.75 1487.24
  3.8% -    67   12   380  1526.79  1787.41 1720.04
  3.8% +    65   10   797  1706.73  1724.42 1789.16
  3.8% +    57   14   487   579.29  1516.68 1573.60
  3.7% -    75   13   529  1767.79  2015.18 1940.42
  3.7% -    62    5  1160  1901.83  1673.89 1611.86
  3.6% +    56    8   466  2064.63  1558.12 1614.35
  3.6% -    65   13   694  1054.31  1815.02 1750.03
  3.6% -    77   11  1126  1593.03  2143.74 2066.99
  3.6% -    52   11   176  1050.67  1444.13 1392.44
  3.6% -    69   14   592  1268.36  1930.24 1861.57
  3.5% -    51    3  1187  1632.14  1451.85 1400.48
  3.5% -    78   13  1140  1607.80  2214.64 2136.61
  3.5% -    34    3   859   611.07   960.47  926.64
  3.5% -    39    5   919   470.23  1119.17 1079.90
  3.5% -    64   14   269  1349.61  1832.34 1768.08
  3.5% -    68   11  1013  1483.30  1952.80 1884.45
  3.5% +    26    2   762   519.74   752.69  778.89
  3.4% +    63   11   741  1872.39  1847.08 1910.28
  3.4% +    32    9   483    52.64   949.04  981.49
  3.4% +    51   14    49   954.02  1480.87 1531.50
  3.4% -    51    2   798  2334.41  1485.40 1434.76
  3.4% -    27    5   198   594.83   807.48  780.10
  3.4% +    34    8   264   720.67  1019.85 1054.12
  3.4% -    21    2   623   347.54   625.15  604.19
  3.3% +    26    3  1020   250.62   779.08  805.14
  3.3% +    66   14   267  2090.21  1968.40 2033.94
  3.3% +    61   14   516  1464.67  1842.10 1903.36
  3.3% +    37   10     5   836.86  1116.56 1153.52
  3.3% +    49    3   665  2418.16  1490.96 1539.93
  3.3% +    49    8   204  2178.45  1506.38 1555.76
  3.2% +    45   13   632   268.91  1396.28 1441.25
  3.2% -    43    7   981   658.85  1351.69 1308.33
  3.2% +    60   13   534  1765.96  1881.36 1941.67
  3.2% -    44    9   633   888.17  1384.78 1340.60
  3.2% +    52    9   534  1929.94  1624.87 1676.70
  3.2% +    52   10   108  2181.67  1632.42 1684.00
  3.1% -    35    6   761   530.19  1120.10 1085.13
  3.0% -    46    3   864  2338.52  1513.04 1467.29
  3.0% +    55    9   994  1742.62  1849.58 1904.38
  3.0% -    53   13   756   954.40  1793.07 1740.10
  2.9% -    29    6   659   322.10   972.58  943.97
  2.9% -    38   10   223   886.32  1305.54 1267.82
  2.9% +    28    2  1038   685.07   962.14  989.88
  2.9% -    16    3   307   266.21   540.97  525.42
  2.9% +    25    5   592   433.75   869.00  893.91
  2.8% -    21    5   367   290.78   742.25  721.23
  2.8% +    54    7  1176  2489.13  1921.16 1975.01
  2.8% -     3    1    58     5.86   117.24  114.00
  2.7% +    30    6  1198   222.60  1107.96 1138.36
  2.7% +    22    3   981   341.45   813.95  836.28
  2.7% -    52   13   837  1218.93  1921.68 1869.35
  2.7% +    50   14  1015   871.76  1846.41 1896.13
  2.6% -    25    5   477   655.24   935.38  910.63
  2.6% +    52   13   618  1982.27  2000.39 2052.18
  2.6% -    20    4   362   646.43   788.53  768.36
  2.5% -    42    9   497  1845.08  1674.09 1632.09
  2.5% +    23    6   628   311.47   903.30  925.93
  2.4% +    41   12   931   864.21  1663.58 1704.14
  2.4% -    36   12    85  1056.43  1466.31 1430.56
  2.4% +    42   14    47  1667.14  1745.18 1787.32
  2.3% -    34   11   684   672.51  1487.93 1454.38
  2.2% -    20    6   471   332.51   872.19  852.65
  2.2% -    37    5   905  2317.31  1691.38 1654.33
  2.2% -    33   10   909   696.00  1505.19 1472.34
  2.2% +    18    3  1096   200.27   802.96  820.48
  2.2% -    30   12    59   858.62  1377.35 1347.65
  2.1% +    42   13   922  1510.22  1967.87 2009.92
  2.1% -    35   11   458  1364.29  1649.04 1614.18
  2.1% -    14    4   205   545.57   682.22  667.86
  2.0% -    36   13   799   951.92  1793.36 1757.27
  2.0% -    38   10   834  1820.80  1883.49 1845.77
  2.0% -    37   14   600  1120.05  1847.84 1811.22
  2.0% -    24   10    57   936.89  1237.07 1212.93
  1.9% -    28    9   963   588.50  1434.42 1406.63
  1.9% +    31    5  1077  2234.35  1665.23 1696.71
  1.8% +    31   10   692  1671.71  1701.23 1732.46
  1.8% +    25    8  1173   671.25  1419.34 1444.58
  1.8% -    29   14    81  1251.97  1682.62 1653.16
  1.7% -    30    5  1004  2367.63  1743.85 1714.03
  1.7% -    18    5   765   480.48  1038.42 1020.76
  1.7% -    32   13   511  1628.33  1915.79 1883.38
  1.7% +    28    9   696  1749.97  1649.49 1677.31
  1.7% +    18    5   831   591.65  1090.31 1108.51
  1.6% -    26    4   842  2464.29  1611.66 1585.78
  1.6% +    30    9  1096  1690.22  1894.85 1925.21
  1.6% +    32   14   530  2028.06  2079.14 2111.50
  1.6% -    15    5   730   485.73   991.49  976.11
  1.5% +    20    8   936   556.28  1277.26 1296.76
  1.5% +    10    4   159   568.58   647.00  656.82
  1.4% +    19    2   456  2390.70  1342.39 1361.37
  1.4% +    26    8  1118  1758.52  1852.47 1878.14
  1.3% +    28   13  1024  1712.85  2097.69 2125.71
  1.3% -    14    7   753   358.13  1084.79 1070.48
  1.2% +     7    3    70   631.88   564.16  570.85
  1.2% -    13    8   626   545.84  1142.89 1129.42
  1.2% +    15    9  1078   161.85  1260.96 1275.74
  1.1% +    16   10   498   992.86  1395.03 1410.67
  1.1% -    20   11   927  1306.37  1804.68 1784.63
  1.1% +    11    8   372   348.37   950.24  960.77
  1.1% -    17    9   131  1990.00  1557.20 1540.35
  1.1% -     3    1   288   159.26   303.94  300.69
  1.1% +    24   14  1122  1766.25  2239.35 2263.09
  1.1% -    20   11   708  1871.77  1916.37 1896.20
  1.0% -    16   13   658   559.48  1573.12 1556.77
  1.0% +    19   12   713  1642.01  1873.19 1892.58
  1.0% +    18    7  1086  2319.81  1858.36 1876.25
  1.0% -    10    9   602   186.69  1085.40 1075.05
  0.9% +     6    2   730   285.24   624.78  630.61
  0.9% -    14   13    70   993.70  1492.02 1478.23
  0.9% -    16    6  1193  2241.50  1839.47 1823.00
  0.8% -    11    9  1102   540.60  1455.85 1444.89
  0.7% +     8    8   488   439.70  1030.13 1037.73
  0.7% -    13   12  1007  1353.77  1925.32 1912.30
  0.7% -    13    8   962  1929.63  1897.19 1884.48
  0.7% +     6    8   266   252.08   880.41  886.16
  0.6% +     9   11   772   932.31  1575.52 1584.87
  0.6% -     5    5   733    41.18   771.83  767.32
  0.6% -     6    3  1025   592.55   992.40  986.60
  0.6% +     8    8     7  2075.60  1422.12 1430.37
  0.5% +     7    7   951   584.40  1253.76 1260.55
  0.5% +     6    5   781   672.91  1125.36 1131.39
  0.5% +     7    3  1158  1107.40  1361.30 1368.12
  0.4% -     5    7  1054   576.47  1344.18 1338.97
  0.4% +     7   10   958  1643.76  1827.18 1834.11
  0.4% +     5    3   555  2342.76  1458.63 1463.86
  0.3% -     5   12   781  1159.18  1752.72 1747.32
  0.3% -     2    1   601   497.70   644.12  642.22
  0.3% -     5    5   778  2423.47  1643.96 1639.21
  0.3% +     2    3  1007   187.52   764.64  766.62
  0.2% +     2    5   741   429.24   951.92  954.04
  0.2% -     2    5   728   423.16   947.72  945.70
  0.2% -     4    7  1109  2397.29  1917.57 1913.80
  0.2% -     2    4  1001   739.08  1116.31 1114.64
  0.1% +     1    7   624   148.16   905.79  907.08
  0.1% -     2    8  1064  1756.52  1857.04 1854.62
  0.1% +     1    5   955   106.86   897.78  898.80
